start;end;pitch;pitchclass;instrument
0.4800;1.0000;62;2;"piano"
0.4800;1.0000;58;10;"piano"
0.4800;1.0000;43;7;"piano"
0.4800;1.0000;50;2;"piano"
1.0000;1.1525;67;7;"piano"
1.0000;1.1525;55;7;"piano"
1.1500;1.3025;69;9;"piano"
1.1500;1.3025;57;9;"piano"
1.3000;2.1531;70;10;"piano"
1.3000;1.5837;58;10;"piano"
1.6000;1.9000;58;10;"piano"
1.6000;1.9000;62;2;"piano"
1.6000;1.9000;43;7;"piano"
1.6000;1.9000;50;2;"piano"
1.6000;1.9000;55;7;"piano"
1.9000;2.2000;60;0;"piano"
1.9000;2.2000;63;3;"piano"
1.9000;2.2000;43;7;"piano"
1.9000;2.2000;51;3;"piano"
1.9000;2.2000;55;7;"piano"
2.2000;2.3125;72;0;"piano"
2.2000;2.3125;60;0;"piano"
2.3100;2.4625;74;2;"piano"
2.3100;2.4625;62;2;"piano"
2.4600;3.0694;75;3;"piano"
2.4600;2.7837;63;3;"piano"
2.8000;3.0850;63;3;"piano"
2.8000;3.0850;67;7;"piano"
2.8000;3.0850;72;0;"piano"
2.8000;3.0850;43;7;"piano"
2.8000;3.0850;51;3;"piano"
2.8000;3.0850;55;7;"piano"
3.0850;3.3600;62;2;"piano"
3.0850;3.3600;67;7;"piano"
3.0850;3.3600;70;10;"piano"
3.0850;3.3600;74;2;"piano"
3.0850;3.3600;43;7;"piano"
3.0850;3.3600;50;2;"piano"
3.0850;3.3600;55;7;"piano"
3.3600;3.5100;69;9;"piano"
3.3600;3.5100;72;0;"piano"
3.3600;3.6600;46;10;"piano"
3.5100;3.6600;67;7;"piano"
3.5100;3.6600;70;10;"piano"
3.6600;3.9000;67;7;"piano"
3.6600;3.9000;69;9;"piano"
3.6600;3.9000;50;2;"piano"
3.9000;4.2200;62;2;"piano"
3.9000;4.2200;66;6;"piano"
3.9000;4.2200;69;9;"piano"
3.9000;4.2200;74;2;"piano"
3.9000;4.2200;38;2;"piano"
3.9000;4.2200;50;2;"piano"
4.2200;4.9000;58;10;"piano"
4.2200;4.9000;62;2;"piano"
4.2200;4.9000;67;7;"piano"
4.2200;4.9000;43;7;"piano"
4.2200;4.9000;50;2;"piano"
4.2200;4.9000;55;7;"piano"
4.9000;5.5800;55;7;"piano"
4.9000;5.5800;43;7;"piano"
5.5800;5.8600;50;2;"voice"
5.5800;5.8600;58;10;"piano"
5.5800;5.8600;62;2;"piano"
5.5800;5.8600;43;7;"piano"
5.5800;5.8600;50;2;"piano"
5.8600;6.0125;55;7;"voice"
6.0100;6.1506;57;9;"voice"
6.1600;7.0600;58;10;"voice"
6.4600;6.6125;67;7;"piano"
6.4600;6.6125;55;7;"piano"
6.6100;6.7625;69;9;"piano"
6.6100;6.7625;57;9;"piano"
6.7600;7.0650;70;10;"piano"
6.7600;7.0650;58;10;"piano"
7.0600;7.3600;57;9;"voice"
7.0600;7.3650;69;9;"piano"
7.0600;7.3650;57;9;"piano"
7.3600;7.7200;55;7;"voice"
7.3600;7.7250;67;7;"piano"
7.3600;7.7250;55;7;"piano"
7.7200;8.0600;57;9;"voice"
7.7200;8.0313;63;3;"piano"
7.7200;8.0313;69;9;"piano"
7.7200;8.0313;48;0;"piano"
7.7200;8.0313;57;9;"piano"
8.0600;8.6800;50;2;"voice"
8.0600;9.2800;57;9;"piano"
8.0600;9.2800;62;2;"piano"
8.0600;9.2800;50;2;"piano"
8.0600;9.2800;54;6;"piano"
9.2800;9.7100;57;9;"voice"
9.2800;9.7100;57;9;"piano"
9.2800;9.7100;62;2;"piano"
9.2800;9.7100;69;9;"piano"
9.2800;9.7100;45;9;"piano"
9.2800;9.7100;54;6;"piano"
9.7100;9.8600;59;11;"voice"
9.7100;9.8600;57;9;"piano"
9.7100;9.8600;62;2;"piano"
9.7100;9.8600;69;9;"piano"
9.7100;9.8600;45;9;"piano"
9.7100;9.8600;54;6;"piano"
9.8600;10.0120;57;9;"voice"
9.8600;10.1600;57;9;"piano"
9.8600;10.1600;61;1;"piano"
9.8600;10.1600;64;4;"piano"
9.8600;10.1600;69;9;"piano"
9.8600;10.1600;45;9;"piano"
9.8600;10.1600;55;7;"piano"
10.0100;10.1510;55;7;"voice"
10.1600;10.3130;54;6;"voice"
10.1600;10.4600;57;9;"piano"
10.1600;10.4600;61;1;"piano"
10.1600;10.4600;64;4;"piano"
10.1600;10.4600;69;9;"piano"
10.1600;10.4600;45;9;"piano"
10.1600;10.4600;55;7;"piano"
10.3100;10.4510;52;4;"voice"
10.4600;10.6600;54;6;"voice"
10.4600;10.6600;57;9;"piano"
10.4600;10.6600;62;2;"piano"
10.4600;10.6600;66;6;"piano"
10.4600;10.6600;50;2;"piano"
10.4600;10.6600;54;6;"piano"
10.6600;11.6400;50;2;"voice"
10.6600;11.6400;57;9;"piano"
10.6600;11.6400;62;2;"piano"
10.6600;11.6400;50;2;"piano"
10.6600;11.6400;54;6;"piano"
11.6400;11.7930;69;9;"piano"
11.6400;12.2090;62;2;"piano"
11.6400;12.2400;45;9;"piano"
11.6400;12.2400;54;6;"piano"
11.7900;11.9430;74;2;"piano"
11.9400;12.0930;73;1;"piano"
12.0900;12.2310;71;11;"piano"
12.2400;12.3930;69;9;"piano"
12.2400;12.5240;61;1;"piano"
12.2400;12.5400;45;9;"piano"
12.2400;12.5400;52;4;"piano"
12.3900;12.5310;67;7;"piano"
12.5400;12.6930;66;6;"piano"
12.5400;12.8380;61;1;"piano"
12.5400;12.8600;45;9;"piano"
12.5400;12.8600;55;7;"piano"
12.6900;12.8510;64;4;"piano"
12.8600;13.5000;62;2;"piano"
12.8600;13.5000;66;6;"piano"
12.8600;13.5000;50;2;"piano"
12.8600;13.5000;54;6;"piano"
13.5000;14.3330;62;2;"piano"
13.5000;14.3330;38;2;"piano"
13.5000;14.3330;50;2;"piano"
14.3330;14.5800;50;2;"voice"
14.3330;14.5800;58;10;"piano"
14.3330;14.5800;62;2;"piano"
14.3330;14.5800;43;7;"piano"
14.3330;14.5800;50;2;"piano"
14.5800;14.7330;55;7;"voice"
14.7300;14.8510;57;9;"voice"
14.8600;15.7400;58;10;"voice"
15.1600;15.2730;67;7;"piano"
15.1600;15.2730;55;7;"piano"
15.2700;15.4030;69;9;"piano"
15.2700;15.4030;57;9;"piano"
15.4000;15.7450;70;10;"piano"
15.4000;15.7450;58;10;"piano"
15.7400;16.0400;55;7;"voice"
15.7400;16.0450;67;7;"piano"
15.7400;16.0450;55;7;"piano"
16.0400;16.4200;60;0;"voice"
16.0400;16.4250;72;0;"piano"
16.0400;16.4250;60;0;"piano"
16.4200;16.8800;58;10;"voice"
16.4200;16.8200;67;7;"piano"
16.4200;16.8200;70;10;"piano"
16.4200;16.8200;49;1;"piano"
16.4200;16.8200;58;10;"piano"
16.8800;17.4600;57;9;"voice"
16.8800;18.0800;66;6;"piano"
16.8800;18.0800;69;9;"piano"
16.8800;18.0800;50;2;"piano"
16.8800;18.0800;53;5;"piano"
16.8800;18.0800;57;9;"piano"
18.0800;18.5300;55;7;"voice"
18.0800;18.5300;62;2;"piano"
18.0800;18.5300;67;7;"piano"
18.0800;18.5300;74;2;"piano"
18.0800;18.5300;47;11;"piano"
18.0800;18.5300;55;7;"piano"
18.0800;18.5300;59;11;"piano"
18.5300;18.7000;59;11;"voice"
18.5300;18.7000;62;2;"piano"
18.5300;18.7000;67;7;"piano"
18.5300;18.7000;74;2;"piano"
18.5300;18.7000;50;2;"piano"
18.5300;18.7000;55;7;"piano"
18.5300;18.7000;59;11;"piano"
18.7000;18.8530;64;4;"voice"
18.7000;19.0200;62;2;"piano"
18.7000;19.0200;67;7;"piano"
18.7000;19.0200;71;11;"piano"
18.7000;19.0200;50;2;"piano"
18.7000;19.0200;55;7;"piano"
18.7000;19.0200;59;11;"piano"
18.8500;19.0110;62;2;"voice"
19.0200;19.1730;59;11;"voice"
19.0200;19.3600;62;2;"piano"
19.0200;19.3600;67;7;"piano"
19.0200;19.3600;50;2;"piano"
19.0200;19.3600;55;7;"piano"
19.0200;19.3600;59;11;"piano"
19.1700;19.3510;55;7;"voice"
19.3600;19.9600;57;9;"voice"
19.3600;19.9600;62;2;"piano"
19.3600;19.9600;66;6;"piano"
19.3600;19.9600;69;9;"piano"
19.3600;19.9600;50;2;"piano"
19.3600;19.9600;60;0;"piano"
19.9600;20.6000;55;7;"voice"
19.9600;20.6000;62;2;"piano"
19.9600;20.6000;67;7;"piano"
19.9600;20.6000;55;7;"piano"
19.9600;20.6000;59;11;"piano"
20.6000;20.9050;62;2;"piano"
20.6000;21.0500;47;11;"piano"
20.6000;21.0500;50;2;"piano"
20.6000;21.0500;55;7;"piano"
20.6000;21.0500;59;11;"piano"
20.9000;21.0530;67;7;"piano"
21.0500;21.1830;71;11;"piano"
21.0500;21.1800;50;2;"piano"
21.0500;21.1800;55;7;"piano"
21.0500;21.1800;59;11;"piano"
21.1800;21.3330;76;4;"piano"
21.1800;21.4600;50;2;"piano"
21.1800;21.4600;55;7;"piano"
21.1800;21.4600;59;11;"piano"
21.3300;21.4630;74;2;"piano"
21.4600;21.6130;71;11;"piano"
21.4600;21.7400;50;2;"piano"
21.4600;21.7400;55;7;"piano"
21.4600;21.7400;59;11;"piano"
21.6100;21.7310;67;7;"piano"
21.7400;22.3800;66;6;"piano"
21.7400;22.3800;69;9;"piano"
21.7400;22.3800;74;2;"piano"
21.7400;22.3800;78;6;"piano"
21.7400;22.3800;50;2;"piano"
21.7400;22.3800;57;9;"piano"
21.7400;22.3800;60;0;"piano"
21.7400;22.3800;62;2;"piano"
22.3800;23.0200;67;7;"piano"
22.3800;23.0200;71;11;"piano"
22.3800;23.0200;74;2;"piano"
22.3800;23.0200;79;7;"piano"
22.3800;23.0200;55;7;"piano"
22.3800;23.0200;59;11;"piano"
22.3800;23.0200;62;2;"piano"
23.0200;23.3200;58;10;"piano"
23.0200;23.3200;62;2;"piano"
23.0200;23.3200;43;7;"piano"
23.0200;23.3200;50;2;"piano"
23.3200;23.4730;67;7;"piano"
23.3200;23.4730;55;7;"piano"
23.4700;23.6030;69;9;"piano"
23.4700;23.6030;57;9;"piano"
23.6000;24.4530;70;10;"piano"
23.6000;23.8840;58;10;"piano"
23.9000;24.2000;58;10;"piano"
23.9000;24.2000;62;2;"piano"
23.9000;24.2000;43;7;"piano"
23.9000;24.2000;50;2;"piano"
23.9000;24.2000;55;7;"piano"
24.2000;24.5000;60;0;"piano"
24.2000;24.5000;63;3;"piano"
24.2000;24.5000;43;7;"piano"
24.2000;24.5000;51;3;"piano"
24.2000;24.5000;55;7;"piano"
24.5000;24.6530;72;0;"piano"
24.5000;24.6530;60;0;"piano"
24.6500;24.8030;74;2;"piano"
24.6500;24.8030;62;2;"piano"
24.8000;25.3690;75;3;"piano"
24.8000;25.0840;63;3;"piano"
25.1000;25.4000;63;3;"piano"
25.1000;25.4000;67;7;"piano"
25.1000;25.4000;72;0;"piano"
25.1000;25.4000;43;7;"piano"
25.1000;25.4000;51;3;"piano"
25.1000;25.4000;55;7;"piano"
25.4000;25.6800;62;2;"piano"
25.4000;25.6800;67;7;"piano"
25.4000;25.6800;70;10;"piano"
25.4000;25.6800;74;2;"piano"
25.4000;25.6800;43;7;"piano"
25.4000;25.6800;50;2;"piano"
25.4000;25.6800;55;7;"piano"
25.6800;25.8100;69;9;"piano"
25.6800;25.8100;72;0;"piano"
25.6800;25.9400;46;10;"piano"
25.8100;25.9400;67;7;"piano"
25.8100;25.9400;70;10;"piano"
25.9400;26.2400;67;7;"piano"
25.9400;26.2400;69;9;"piano"
25.9400;26.2400;50;2;"piano"
26.2400;26.5500;62;2;"piano"
26.2400;26.5500;66;6;"piano"
26.2400;26.5500;69;9;"piano"
26.2400;26.5500;74;2;"piano"
26.2400;26.5500;38;2;"piano"
26.2400;26.5500;50;2;"piano"
26.5500;27.2400;58;10;"piano"
26.5500;27.2400;62;2;"piano"
26.5500;27.2400;67;7;"piano"
26.5500;27.2400;43;7;"piano"
26.5500;27.2400;50;2;"piano"
26.5500;27.2400;55;7;"piano"
27.2400;27.9600;55;7;"piano"
27.2400;27.9600;43;7;"piano"
27.9600;28.2600;50;2;"voice"
27.9600;28.2600;58;10;"piano"
27.9600;28.2600;62;2;"piano"
27.9600;28.2600;43;7;"piano"
27.9600;28.2600;50;2;"piano"
28.2600;28.4130;55;7;"voice"
28.4100;28.5510;57;9;"voice"
28.5600;29.4400;58;10;"voice"
28.8600;28.9910;67;7;"piano"
28.8600;28.9910;55;7;"piano"
28.9900;29.1230;69;9;"piano"
28.9900;29.1230;57;9;"piano"
29.1200;29.4450;70;10;"piano"
29.1200;29.4450;58;10;"piano"
29.4400;29.7400;57;9;"voice"
29.4400;29.7450;69;9;"piano"
29.4400;29.7450;57;9;"piano"
29.7400;30.0400;55;7;"voice"
29.7400;30.0450;67;7;"piano"
29.7400;30.0450;55;7;"piano"
30.0400;30.5800;57;9;"voice"
30.0400;30.4890;63;3;"piano"
30.0400;30.4890;69;9;"piano"
30.0400;30.4890;48;0;"piano"
30.0400;30.4890;57;9;"piano"
30.5800;31.1800;50;2;"voice"
30.5800;31.7000;57;9;"piano"
30.5800;31.7000;62;2;"piano"
30.5800;31.7000;50;2;"piano"
30.5800;31.7000;54;6;"piano"
31.7000;32.1500;57;9;"voice"
31.7000;32.1500;57;9;"piano"
31.7000;32.1500;62;2;"piano"
31.7000;32.1500;69;9;"piano"
31.7000;32.1500;45;9;"piano"
31.7000;32.1500;54;6;"piano"
32.1500;32.3000;59;11;"voice"
32.1500;32.3000;57;9;"piano"
32.1500;32.3000;62;2;"piano"
32.1500;32.3000;69;9;"piano"
32.1500;32.3000;45;9;"piano"
32.1500;32.3000;54;6;"piano"
32.3000;32.4530;57;9;"voice"
32.3000;32.6000;57;9;"piano"
32.3000;32.6000;61;1;"piano"
32.3000;32.6000;64;4;"piano"
32.3000;32.6000;69;9;"piano"
32.3000;32.6000;45;9;"piano"
32.3000;32.6000;55;7;"piano"
32.4500;32.5910;55;7;"voice"
32.6000;32.7530;54;6;"voice"
32.6000;32.9000;57;9;"piano"
32.6000;32.9000;61;1;"piano"
32.6000;32.9000;64;4;"piano"
32.6000;32.9000;69;9;"piano"
32.6000;32.9000;45;9;"piano"
32.6000;32.9000;55;7;"piano"
32.7500;32.8910;52;4;"voice"
32.9000;33.5400;54;6;"voice"
32.9000;33.5400;57;9;"piano"
32.9000;33.5400;62;2;"piano"
32.9000;33.5400;66;6;"piano"
32.9000;33.5400;50;2;"piano"
32.9000;33.5400;54;6;"piano"
33.5400;34.1600;50;2;"voice"
33.5400;34.1600;57;9;"piano"
33.5400;34.1600;62;2;"piano"
33.5400;34.1600;50;2;"piano"
33.5400;34.1600;54;6;"piano"
34.1600;34.3130;69;9;"piano"
34.1600;34.6890;62;2;"piano"
34.1600;34.7200;45;9;"piano"
34.1600;34.7200;54;6;"piano"
34.3100;34.4230;74;2;"piano"
34.4200;34.5730;73;1;"piano"
34.5700;34.7110;71;11;"piano"
34.7200;34.8530;69;9;"piano"
34.7200;34.9840;61;1;"piano"
34.7200;35.0000;45;9;"piano"
34.7200;35.0000;52;4;"piano"
34.8500;34.9910;67;7;"piano"
35.0000;35.1530;66;6;"piano"
35.0000;35.2840;61;1;"piano"
35.0000;35.3000;45;9;"piano"
35.0000;35.3000;55;7;"piano"
35.1500;35.2910;64;4;"piano"
35.3000;35.9600;62;2;"piano"
35.3000;35.9600;66;6;"piano"
35.3000;35.9600;50;2;"piano"
35.3000;35.9600;54;6;"piano"
35.9600;36.6600;62;2;"piano"
35.9600;36.6600;38;2;"piano"
35.9600;36.6600;50;2;"piano"
36.6600;36.9200;50;2;"voice"
36.6600;36.9200;58;10;"piano"
36.6600;36.9200;62;2;"piano"
36.6600;36.9200;50;2;"piano"
36.6600;36.9200;43;7;"piano"
36.9200;37.0730;55;7;"voice"
37.0700;37.2110;57;9;"voice"
37.2200;38.1300;58;10;"voice"
37.5000;37.6530;67;7;"piano"
37.5000;37.6530;55;7;"piano"
37.6500;37.8150;69;9;"piano"
37.6500;37.8150;57;9;"piano"
37.8100;38.1400;70;10;"piano"
37.8100;38.1400;58;10;"piano"
38.1300;38.4800;55;7;"voice"
38.1300;38.4850;67;7;"piano"
38.1300;38.4850;55;7;"piano"
38.4800;38.8200;60;0;"voice"
38.4800;38.8250;72;0;"piano"
38.4800;38.8250;60;0;"piano"
38.8200;39.2400;58;10;"voice"
38.8200;39.1990;67;7;"piano"
38.8200;39.1990;70;10;"piano"
38.8200;39.1990;49;1;"piano"
38.8200;39.1990;58;10;"piano"
39.2400;39.8400;57;9;"voice"
39.2400;40.4800;66;6;"piano"
39.2400;40.4800;69;9;"piano"
39.2400;40.4800;50;2;"piano"
39.2400;40.4800;57;9;"piano"
40.4800;40.9300;55;7;"voice"
40.4800;40.9300;62;2;"piano"
40.4800;40.9300;67;7;"piano"
40.4800;40.9300;74;2;"piano"
40.4800;40.9300;47;11;"piano"
40.4800;40.9300;55;7;"piano"
40.4800;40.9300;59;11;"piano"
40.9300;41.1000;59;11;"voice"
40.9300;41.1000;62;2;"piano"
40.9300;41.1000;67;7;"piano"
40.9300;41.1000;74;2;"piano"
40.9300;41.1000;50;2;"piano"
40.9300;41.1000;55;7;"piano"
40.9300;41.1000;59;11;"piano"
41.1000;41.2930;64;4;"voice"
41.1000;41.4400;62;2;"piano"
41.1000;41.4400;67;7;"piano"
41.1000;41.4400;71;11;"piano"
41.1000;41.4400;50;2;"piano"
41.1000;41.4400;55;7;"piano"
41.1000;41.4400;59;11;"piano"
41.2900;41.4310;62;2;"voice"
41.4400;41.5930;59;11;"voice"
41.4400;41.7400;62;2;"piano"
41.4400;41.7400;67;7;"piano"
41.4400;41.7400;50;2;"piano"
41.4400;41.7400;55;7;"piano"
41.4400;41.7400;59;11;"piano"
41.5900;41.7310;55;7;"voice"
41.7400;42.4000;57;9;"voice"
41.7400;42.4000;62;2;"piano"
41.7400;42.4000;66;6;"piano"
41.7400;42.4000;69;9;"piano"
41.7400;42.4000;50;2;"piano"
41.7400;42.4000;60;0;"piano"
42.4000;43.0400;55;7;"voice"
42.4000;43.0400;62;2;"piano"
42.4000;43.0400;67;7;"piano"
42.4000;43.0400;55;7;"piano"
42.4000;43.0400;59;11;"piano"
43.0400;43.3450;62;2;"piano"
43.0400;43.4500;47;11;"piano"
43.0400;43.4500;50;2;"piano"
43.0400;43.4500;55;7;"piano"
43.0400;43.4500;59;11;"piano"
43.3400;43.4530;67;7;"piano"
43.4500;43.6020;71;11;"piano"
43.4500;43.6000;50;2;"piano"
43.4500;43.6000;55;7;"piano"
43.4500;43.6000;59;11;"piano"
43.6000;43.7520;76;4;"piano"
43.6000;43.9000;50;2;"piano"
43.6000;43.9000;55;7;"piano"
43.6000;43.9000;59;11;"piano"
43.7500;43.9030;74;2;"piano"
43.9000;44.0120;71;11;"piano"
43.9000;44.1600;50;2;"piano"
43.9000;44.1600;55;7;"piano"
43.9000;44.1600;59;11;"piano"
44.0100;44.1510;67;7;"piano"
44.1600;44.8200;66;6;"piano"
44.1600;44.8200;69;9;"piano"
44.1600;44.8200;74;2;"piano"
44.1600;44.8200;78;6;"piano"
44.1600;44.8200;50;2;"piano"
44.1600;44.8200;57;9;"piano"
44.1600;44.8200;60;0;"piano"
44.1600;44.8200;62;2;"piano"
44.8200;45.5200;67;7;"piano"
44.8200;45.5200;71;11;"piano"
44.8200;45.5200;74;2;"piano"
44.8200;45.5200;79;7;"piano"
44.8200;45.5200;55;7;"piano"
44.8200;45.5200;59;11;"piano"
44.8200;45.5200;62;2;"piano"
45.5200;45.9300;57;9;"voice"
45.5200;45.9300;69;9;"piano"
45.5200;46.0800;62;2;"piano"
45.5200;46.0800;66;6;"piano"
45.5200;46.0800;50;2;"piano"
45.5200;46.0800;57;9;"piano"
45.9300;46.0800;57;9;"voice"
45.9300;46.0800;74;2;"piano"
46.0800;46.3600;57;9;"voice"
46.0800;46.9600;74;2;"piano"
46.3600;46.5120;55;7;"voice"
46.3600;46.6600;62;2;"piano"
46.3600;46.6600;66;6;"piano"
46.3600;46.6600;69;9;"piano"
46.3600;46.6600;50;2;"piano"
46.3600;46.6600;57;9;"piano"
46.5100;46.6510;57;9;"voice"
46.6600;46.9600;59;11;"voice"
46.6600;46.9600;62;2;"piano"
46.6600;46.9600;67;7;"piano"
46.6600;46.9600;71;11;"piano"
46.6600;46.9600;55;7;"piano"
46.6600;46.9600;59;11;"piano"
46.9600;47.2800;55;7;"voice"
46.9600;47.2800;74;2;"piano"
46.9600;47.2800;62;2;"piano"
46.9600;47.2800;67;7;"piano"
46.9600;47.2800;47;11;"piano"
46.9600;47.2800;55;7;"piano"
47.2800;47.9400;57;9;"voice"
47.2800;47.9400;74;2;"piano"
47.2800;47.9400;62;2;"piano"
47.2800;47.9400;66;6;"piano"
47.2800;47.9400;69;9;"piano"
47.2800;47.9400;50;2;"piano"
47.2800;47.9400;57;9;"piano"
47.9400;48.0920;57;9;"voice"
47.9400;48.3900;62;2;"piano"
47.9400;48.3900;69;9;"piano"
47.9400;48.3900;74;2;"piano"
47.9400;48.3900;45;9;"piano"
47.9400;48.3900;54;6;"piano"
47.9400;48.3900;57;9;"piano"
48.0900;48.2310;62;2;"voice"
48.2400;48.3920;61;1;"voice"
48.3900;48.5310;59;11;"voice"
48.3900;48.5400;62;2;"piano"
48.3900;48.5400;69;9;"piano"
48.3900;48.5400;74;2;"piano"
48.3900;48.5400;45;9;"piano"
48.3900;48.5400;54;6;"piano"
48.3900;48.5400;57;9;"piano"
48.5400;48.6920;57;9;"voice"
48.5400;48.8400;64;4;"piano"
48.5400;48.8400;69;9;"piano"
48.5400;48.8400;73;1;"piano"
48.5400;48.8400;45;9;"piano"
48.5400;48.8400;55;7;"piano"
48.5400;48.8400;57;9;"piano"
48.6900;48.8310;55;7;"voice"
48.8400;48.9920;54;6;"voice"
48.8400;49.1400;64;4;"piano"
48.8400;49.1400;69;9;"piano"
48.8400;49.1400;73;1;"piano"
48.8400;49.1400;45;9;"piano"
48.8400;49.1400;55;7;"piano"
48.8400;49.1400;57;9;"piano"
48.9900;49.1310;52;4;"voice"
49.1400;49.7800;54;6;"voice"
49.1400;49.7800;62;2;"piano"
49.1400;49.7800;69;9;"piano"
49.1400;49.7800;74;2;"piano"
49.1400;49.7800;50;2;"piano"
49.1400;49.7800;54;6;"piano"
49.1400;49.7800;57;9;"piano"
49.7800;50.3800;50;2;"voice"
49.7800;50.3800;62;2;"piano"
49.7800;50.3800;50;2;"piano"
50.3800;50.8100;69;9;"piano"
50.3800;50.8100;81;9;"piano"
50.3800;50.9400;45;9;"piano"
50.3800;50.9400;50;2;"piano"
50.3800;50.9400;54;6;"piano"
50.3800;50.9400;57;9;"piano"
50.8100;50.9400;71;11;"piano"
50.8100;50.9400;83;11;"piano"
50.9400;51.2400;69;9;"piano"
50.9400;51.2400;81;9;"piano"
50.9400;51.2400;45;9;"piano"
50.9400;51.2400;52;4;"piano"
50.9400;51.2400;55;7;"piano"
50.9400;51.2400;57;9;"piano"
51.2400;51.3900;71;11;"piano"
51.2400;51.3900;83;11;"piano"
51.2400;51.5400;45;9;"piano"
51.2400;51.5400;52;4;"piano"
51.2400;51.5400;55;7;"piano"
51.2400;51.5400;57;9;"piano"
51.3900;51.5400;73;1;"piano"
51.3900;51.5400;85;1;"piano"
51.5400;52.1800;74;2;"piano"
51.5400;52.1800;86;2;"piano"
51.5400;52.1800;50;2;"piano"
51.5400;52.1800;54;6;"piano"
51.5400;52.1800;57;9;"piano"
52.1800;52.9000;62;2;"piano"
52.1800;52.9000;74;2;"piano"
52.1800;52.9000;50;2;"piano"
52.9000;53.2900;57;9;"voice"
52.9000;53.2900;69;9;"piano"
52.9000;53.4400;62;2;"piano"
52.9000;53.4400;66;6;"piano"
52.9000;53.4400;50;2;"piano"
52.9000;53.4400;57;9;"piano"
53.2900;53.4400;57;9;"voice"
53.2900;53.4400;74;2;"piano"
53.4400;53.6400;57;9;"voice"
53.4400;54.3200;74;2;"piano"
53.6400;53.7730;59;11;"voice"
53.6400;53.9200;62;2;"piano"
53.6400;53.9200;69;9;"piano"
53.6400;53.9200;72;0;"piano"
53.6400;53.9200;57;9;"piano"
53.6400;53.9200;60;0;"piano"
53.7700;53.9110;60;0;"voice"
53.9200;54.3200;59;11;"voice"
53.9200;54.3200;62;2;"piano"
53.9200;54.3200;67;7;"piano"
53.9200;54.3200;71;11;"piano"
53.9200;54.3200;55;7;"piano"
53.9200;54.3200;59;11;"piano"
54.3200;54.6200;55;7;"voice"
54.3200;54.6200;74;2;"piano"
54.3200;54.6200;62;2;"piano"
54.3200;54.6200;67;7;"piano"
54.3200;54.6200;47;11;"piano"
54.3200;54.6200;55;7;"piano"
54.6200;55.3200;57;9;"voice"
54.6200;55.3200;74;2;"piano"
54.6200;55.3200;62;2;"piano"
54.6200;55.3200;66;6;"piano"
54.6200;55.3200;69;9;"piano"
54.6200;55.3200;50;2;"piano"
54.6200;55.3200;57;9;"piano"
55.3200;55.7900;55;7;"voice"
55.3200;55.7900;62;2;"piano"
55.3200;55.7900;67;7;"piano"
55.3200;55.7900;74;2;"piano"
55.3200;55.7900;47;11;"piano"
55.3200;55.7900;55;7;"piano"
55.3200;55.7900;59;11;"piano"
55.7900;55.9400;59;11;"voice"
55.7900;55.9400;62;2;"piano"
55.7900;55.9400;67;7;"piano"
55.7900;55.9400;74;2;"piano"
55.7900;55.9400;50;2;"piano"
55.7900;55.9400;55;7;"piano"
55.7900;55.9400;59;11;"piano"
55.9400;56.0930;64;4;"voice"
55.9400;56.2400;62;2;"piano"
55.9400;56.2400;67;7;"piano"
55.9400;56.2400;71;11;"piano"
55.9400;56.2400;50;2;"piano"
55.9400;56.2400;55;7;"piano"
55.9400;56.2400;59;11;"piano"
56.0900;56.2310;62;2;"voice"
56.2400;56.3920;59;11;"voice"
56.2400;56.5400;62;2;"piano"
56.2400;56.5400;67;7;"piano"
56.2400;56.5400;50;2;"piano"
56.2400;56.5400;55;7;"piano"
56.2400;56.5400;59;11;"piano"
56.3900;56.5310;55;7;"voice"
56.5400;57.1800;57;9;"voice"
56.5400;57.1800;62;2;"piano"
56.5400;57.1800;66;6;"piano"
56.5400;57.1800;69;9;"piano"
56.5400;57.1800;50;2;"piano"
56.5400;57.1800;60;0;"piano"
57.1800;57.8000;55;7;"voice"
57.1800;57.8000;62;2;"piano"
57.1800;57.8000;67;7;"piano"
57.1800;57.8000;55;7;"piano"
57.1800;57.8000;59;11;"piano"
57.8000;58.0850;62;2;"piano"
57.8000;58.1900;47;11;"piano"
57.8000;58.1900;50;2;"piano"
57.8000;58.1900;55;7;"piano"
57.8000;58.1900;59;11;"piano"
58.0800;58.1920;67;7;"piano"
58.1900;58.3420;71;11;"piano"
58.1900;58.3400;50;2;"piano"
58.1900;58.3400;55;7;"piano"
58.1900;58.3400;59;11;"piano"
58.3400;58.4720;76;4;"piano"
58.3400;58.6200;50;2;"piano"
58.3400;58.6200;55;7;"piano"
58.3400;58.6200;59;11;"piano"
58.4700;58.6220;74;2;"piano"
58.6200;58.7520;71;11;"piano"
58.6200;58.9000;50;2;"piano"
58.6200;58.9000;55;7;"piano"
58.6200;58.9000;59;11;"piano"
58.7500;58.8910;67;7;"piano"
58.9000;59.5600;66;6;"piano"
58.9000;59.5600;69;9;"piano"
58.9000;59.5600;74;2;"piano"
58.9000;59.5600;78;6;"piano"
58.9000;59.5600;50;2;"piano"
58.9000;59.5600;57;9;"piano"
58.9000;59.5600;60;0;"piano"
58.9000;59.5600;62;2;"piano"
59.5600;60.2200;67;7;"piano"
59.5600;60.2200;71;11;"piano"
59.5600;60.2200;74;2;"piano"
59.5600;60.2200;79;7;"piano"
59.5600;60.2200;55;7;"piano"
59.5600;60.2200;59;11;"piano"
59.5600;60.2200;62;2;"piano"
60.2200;60.6500;57;9;"voice"
60.2200;60.6500;74;2;"piano"
60.2200;60.6500;78;6;"piano"
60.2200;60.6500;81;9;"piano"
60.2200;60.8000;50;2;"piano"
60.2200;60.8000;57;9;"piano"
60.6500;60.8000;57;9;"voice"
60.6500;60.8000;86;2;"piano"
60.8000;61.0800;57;9;"voice"
60.8000;61.6800;86;2;"piano"
61.0800;61.2120;55;7;"voice"
61.0800;61.3600;74;2;"piano"
61.0800;61.3600;78;6;"piano"
61.0800;61.3600;81;9;"piano"
61.0800;61.3600;50;2;"piano"
61.0800;61.3600;57;9;"piano"
61.2100;61.3510;57;9;"voice"
61.3600;61.6800;58;10;"voice"
61.3600;61.6800;74;2;"piano"
61.3600;61.6800;79;7;"piano"
61.3600;61.6800;82;10;"piano"
61.3600;61.6800;55;7;"piano"
61.3600;61.6800;58;10;"piano"
61.6800;61.9800;55;7;"voice"
61.6800;61.9800;86;2;"piano"
61.6800;61.9800;74;2;"piano"
61.6800;61.9800;79;7;"piano"
61.6800;61.9800;46;10;"piano"
61.6800;61.9800;55;7;"piano"
61.9800;62.6200;57;9;"voice"
61.9800;62.6200;86;2;"piano"
61.9800;62.6200;74;2;"piano"
61.9800;62.6200;78;6;"piano"
61.9800;62.6200;81;9;"piano"
61.9800;62.6200;50;2;"piano"
61.9800;62.6200;57;9;"piano"
62.6200;63.0500;58;10;"voice"
62.6200;63.0500;62;2;"piano"
62.6200;63.0500;65;5;"piano"
62.6200;63.0500;70;10;"piano"
62.6200;63.0500;74;2;"piano"
62.6200;63.0500;46;10;"piano"
62.6200;63.0500;50;2;"piano"
62.6200;63.0500;53;5;"piano"
62.6200;63.0500;58;10;"piano"
63.0500;63.2000;62;2;"voice"
63.0500;63.2000;62;2;"piano"
63.0500;63.2000;65;5;"piano"
63.0500;63.2000;70;10;"piano"
63.0500;63.2000;74;2;"piano"
63.0500;63.2000;46;10;"piano"
63.0500;63.2000;50;2;"piano"
63.0500;63.2000;53;5;"piano"
63.0500;63.2000;58;10;"piano"
63.2000;63.3520;60;0;"voice"
63.2000;63.5000;65;5;"piano"
63.2000;63.5000;69;9;"piano"
63.2000;63.5000;72;0;"piano"
63.2000;63.5000;77;5;"piano"
63.2000;63.5000;46;10;"piano"
63.2000;63.5000;51;3;"piano"
63.2000;63.5000;53;5;"piano"
63.2000;63.5000;57;9;"piano"
63.3500;63.4910;63;3;"voice"
63.5000;63.6520;62;2;"voice"
63.5000;63.8000;69;9;"piano"
63.5000;63.8000;72;0;"piano"
63.5000;63.8000;77;5;"piano"
63.5000;63.8000;81;9;"piano"
63.5000;63.8000;46;10;"piano"
63.5000;63.8000;51;3;"piano"
63.5000;63.8000;53;5;"piano"
63.5000;63.8000;60;0;"piano"
63.6500;63.7910;60;0;"voice"
63.8000;64.4400;58;10;"voice"
63.8000;64.4400;70;10;"piano"
63.8000;64.4400;74;2;"piano"
63.8000;64.4400;77;5;"piano"
63.8000;64.4400;82;10;"piano"
63.8000;64.4400;46;10;"piano"
63.8000;64.4400;50;2;"piano"
63.8000;64.4400;53;5;"piano"
63.8000;64.4400;58;10;"piano"
64.4400;65.0850;46;10;"voice"
64.4400;65.0850;70;10;"piano"
64.4400;65.0850;46;10;"piano"
64.4400;65.0850;50;2;"piano"
64.4400;65.0850;53;5;"piano"
64.4400;65.0850;58;10;"piano"
65.0850;65.4900;77;5;"piano"
65.0850;65.4900;89;5;"piano"
65.0850;65.6400;41;5;"piano"
65.0850;65.6400;50;2;"piano"
65.0850;65.6400;53;5;"piano"
65.4900;65.6400;79;7;"piano"
65.4900;65.6400;91;7;"piano"
65.6400;65.9400;77;5;"piano"
65.6400;65.9400;89;5;"piano"
65.6400;65.9400;41;5;"piano"
65.6400;65.9400;48;0;"piano"
65.6400;65.9400;51;3;"piano"
65.6400;65.9400;53;5;"piano"
65.9400;66.0900;79;7;"piano"
65.9400;66.0900;91;7;"piano"
65.9400;66.2400;41;5;"piano"
65.9400;66.2400;48;0;"piano"
65.9400;66.2400;51;3;"piano"
65.9400;66.2400;53;5;"piano"
66.0900;66.2400;81;9;"piano"
66.0900;66.2400;93;9;"piano"
66.2400;66.8800;82;10;"piano"
66.2400;66.8800;94;10;"piano"
66.2400;66.8800;46;10;"piano"
66.2400;66.8800;50;2;"piano"
66.2400;66.8800;53;5;"piano"
66.8800;67.5400;58;10;"piano"
66.8800;67.5400;70;10;"piano"
66.8800;67.5400;46;10;"piano"
67.5400;67.9500;57;9;"voice"
67.5400;67.9500;69;9;"piano"
67.5400;68.1000;62;2;"piano"
67.5400;68.1000;66;6;"piano"
67.5400;68.1000;50;2;"piano"
67.5400;68.1000;57;9;"piano"
67.9500;68.1000;57;9;"voice"
67.9500;68.1000;74;2;"piano"
68.1000;68.4000;57;9;"voice"
68.1000;69.0000;74;2;"piano"
68.4000;68.5520;59;11;"voice"
68.4000;68.7000;62;2;"piano"
68.4000;68.7000;69;9;"piano"
68.4000;68.7000;72;0;"piano"
68.4000;68.7000;57;9;"piano"
68.4000;68.7000;60;0;"piano"
68.5500;68.6910;60;0;"voice"
68.7000;69.0000;59;11;"voice"
68.7000;69.0000;62;2;"piano"
68.7000;69.0000;67;7;"piano"
68.7000;69.0000;71;11;"piano"
68.7000;69.0000;55;7;"piano"
68.7000;69.0000;59;11;"piano"
69.0000;69.3200;55;7;"voice"
69.0000;69.3200;74;2;"piano"
69.0000;69.3200;62;2;"piano"
69.0000;69.3200;67;7;"piano"
69.0000;69.3200;47;11;"piano"
69.0000;69.3200;55;7;"piano"
69.3200;69.9800;57;9;"voice"
69.3200;69.9800;74;2;"piano"
69.3200;69.9800;62;2;"piano"
69.3200;69.9800;66;6;"piano"
69.3200;69.9800;69;9;"piano"
69.3200;69.9800;50;2;"piano"
69.3200;69.9800;57;9;"piano"
69.9800;70.2800;55;7;"voice"
69.9800;70.4300;62;2;"piano"
69.9800;70.4300;67;7;"piano"
69.9800;70.4300;74;2;"piano"
69.9800;70.4300;47;11;"piano"
69.9800;70.4300;55;7;"piano"
69.9800;70.4300;59;11;"piano"
70.2800;70.4330;59;11;"voice"
70.4300;70.5710;62;2;"voice"
70.4300;70.5800;62;2;"piano"
70.4300;70.5800;67;7;"piano"
70.4300;70.5800;74;2;"piano"
70.4300;70.5800;47;11;"piano"
70.4300;70.5800;55;7;"piano"
70.4300;70.5800;59;11;"piano"
70.5800;70.7720;67;7;"voice"
70.5800;70.9200;62;2;"piano"
70.5800;70.9200;67;7;"piano"
70.5800;70.9200;71;11;"piano"
70.5800;70.9200;50;2;"piano"
70.5800;70.9200;55;7;"piano"
70.5800;70.9200;59;11;"piano"
70.7700;70.9110;62;2;"voice"
70.9200;71.0730;59;11;"voice"
70.9200;71.2200;62;2;"piano"
70.9200;71.2200;67;7;"piano"
70.9200;71.2200;50;2;"piano"
70.9200;71.2200;55;7;"piano"
70.9200;71.2200;59;11;"piano"
71.0700;71.2110;55;7;"voice"
71.2200;71.8200;62;2;"voice"
71.2200;71.8200;62;2;"piano"
71.2200;71.8200;66;6;"piano"
71.2200;71.8200;69;9;"piano"
71.2200;71.8200;50;2;"piano"
71.2200;71.8200;60;0;"piano"
71.8200;72.4000;55;7;"voice"
71.8200;72.4000;62;2;"piano"
71.8200;72.4000;67;7;"piano"
71.8200;72.4000;55;7;"piano"
71.8200;72.4000;59;11;"piano"
72.4000;72.7000;67;7;"piano"
72.4000;72.8300;47;11;"piano"
72.4000;72.8300;50;2;"piano"
72.4000;72.8300;55;7;"piano"
72.4000;72.8300;59;11;"piano"
72.7000;72.8300;71;11;"piano"
72.8300;72.9750;74;2;"piano"
72.8300;72.9750;47;11;"piano"
72.8300;72.9750;50;2;"piano"
72.8300;72.9750;55;7;"piano"
72.8300;72.9750;59;11;"piano"
72.9750;73.1100;79;7;"piano"
72.9750;73.2600;50;2;"piano"
72.9750;73.2600;55;7;"piano"
72.9750;73.2600;59;11;"piano"
73.1100;73.2600;74;2;"piano"
73.2600;73.3700;79;7;"piano"
73.2600;73.5200;50;2;"piano"
73.2600;73.5200;55;7;"piano"
73.2600;73.5200;59;11;"piano"
73.3700;73.5200;83;11;"piano"
73.5200;74.1900;74;2;"piano"
73.5200;74.1900;78;6;"piano"
73.5200;74.1900;81;9;"piano"
73.5200;74.1900;86;2;"piano"
73.5200;74.1900;50;2;"piano"
73.5200;74.1900;57;9;"piano"
73.5200;74.1900;60;0;"piano"
73.5200;74.1900;62;2;"piano"
74.1900;74.9600;67;7;"piano"
74.1900;74.9600;71;11;"piano"
74.1900;74.9600;74;2;"piano"
74.1900;74.9600;79;7;"piano"
74.1900;74.9600;55;7;"piano"
74.1900;74.9600;59;11;"piano"
74.1900;74.9600;62;2;"piano"
74.9600;75.2800;58;10;"piano"
74.9600;75.2800;62;2;"piano"
74.9600;75.2800;43;7;"piano"
74.9600;75.2800;50;2;"piano"
75.2800;75.4330;67;7;"piano"
75.2800;75.4330;55;7;"piano"
75.4300;75.5830;69;9;"piano"
75.4300;75.5830;57;9;"piano"
75.5800;76.4330;70;10;"piano"
75.5800;75.8840;58;10;"piano"
75.9000;76.1800;58;10;"piano"
75.9000;76.1800;62;2;"piano"
75.9000;76.1800;43;7;"piano"
75.9000;76.1800;50;2;"piano"
75.9000;76.1800;55;7;"piano"
76.1800;76.4800;60;0;"piano"
76.1800;76.4800;63;3;"piano"
76.1800;76.4800;43;7;"piano"
76.1800;76.4800;51;3;"piano"
76.1800;76.4800;55;7;"piano"
76.4800;76.6330;72;0;"piano"
76.4800;76.6330;60;0;"piano"
76.6300;76.7830;74;2;"piano"
76.6300;76.7830;62;2;"piano"
76.7800;77.3490;75;3;"piano"
76.7800;77.0640;63;3;"piano"
77.0800;77.3800;63;3;"piano"
77.0800;77.3800;67;7;"piano"
77.0800;77.3800;72;0;"piano"
77.0800;77.3800;43;7;"piano"
77.0800;77.3800;51;3;"piano"
77.0800;77.3800;55;7;"piano"
77.3800;77.6400;62;2;"piano"
77.3800;77.6400;67;7;"piano"
77.3800;77.6400;70;10;"piano"
77.3800;77.6400;74;2;"piano"
77.3800;77.6400;43;7;"piano"
77.3800;77.6400;50;2;"piano"
77.3800;77.6400;55;7;"piano"
77.6400;77.7700;69;9;"piano"
77.6400;77.7700;72;0;"piano"
77.6400;77.9200;46;10;"piano"
77.7700;77.9200;67;7;"piano"
77.7700;77.9200;70;10;"piano"
77.9200;78.1800;67;7;"piano"
77.9200;78.1800;69;9;"piano"
77.9200;78.1800;50;2;"piano"
78.1800;78.5400;62;2;"piano"
78.1800;78.5400;66;6;"piano"
78.1800;78.5400;69;9;"piano"
78.1800;78.5400;74;2;"piano"
78.1800;78.5400;38;2;"piano"
78.1800;78.5400;50;2;"piano"
78.5400;79.7800;58;10;"piano"
78.5400;79.7800;62;2;"piano"
78.5400;79.7800;67;7;"piano"
78.5400;79.7800;43;7;"piano"
78.5400;79.7800;50;2;"piano"
78.5400;79.7800;55;7;"piano"
79.7800;80.8800;55;7;"piano"
79.7800;80.8800;43;7;"piano"
